distance_tolerance: 0.3

base_frame: gotthard/base_link
#base_frame: map

lidar_model: [0.00011034117147372188, -8.960214399157804e-06, -8.960214399157804e-06, 0.0001066459022531295]
camera_model: [8.266400638713646e-05, -2.63630568712239e-05, -2.63630568712239e-05, 8.407658889020881e-06]
